C:\Users\SingPC\.jdks\openjdk-21.0.2\bin\java.exe "-javaagent:C:\Program Files\JetBrains\IntelliJ IDEA 2024.1.1\lib\idea_rt.jar=53645:C:\Program Files\JetBrains\IntelliJ IDEA 2024.1.1\bin" -Dfile.encoding=UTF-8 -Dsun.stdout.encoding=UTF-8 -Dsun.stderr.encoding=UTF-8 -classpath D:\University\Program\OOP2024\Mid_term_OOP22042024\hus\oop\studentmanager\out\production\studentmanager hus.oop.studentmanager.App
[20001878 20001879 20001881 20001889 20001880 20001887 20001888 20001885 20001883 20001882 20001884 20001886 20001890 20001892 20001893 20000166 20001894 20001895 20001896 20001897 20001898 20001899 20001900 20001903 20001902 20001901 20001904 20001905 20001906 20001907 20001909 20000115 20001911 20001910 20001912 20001913 20001914 20001917 20001918 20000368 20001916 20001920 20001921 20001922 20001923 20000223 20001924 20001925 20001926]
[20001912 20001911 20000115 20001913 20001922 20001925 20001909 20001890 20001881 20001899 20001902 20001896 20001888 20001879 20001914 20001884 20001883 20001920 20001905 20001901 20001904 20001906 20001910 20001917 20001921 20001878 20001887 20001889 20001880 20001885 20001882 20001886 20001892 20001893 20001894 20001895 20001897 20001918 20001898 20001907 20001900 20001903 20000368 20001916 20001923 20000223 20001924 20001926 20000166]
[20000223 20000166 20001923 20001897 20001892 20001880 20001903 20001898 20001893 20001878 20001889 20001887 20001885 20001882 20001926 20000368 20001904 20001894 20001886 20001906 20001907 20001924 20001916 20001895 20001900 20001917 20001910 20001879 20001883 20001881 20001888 20001884 20001901 20001905 20001918 20001921 20001890 20001896 20001902 20001899 20001909 20000115 20001911 20001920 20001914 20001912 20001913 20001925 20001922]
[20001914 20001922 20001913 20001921 20001925 20001885 20001906 20001897 20001910 20001917 20000223 20001901 20001880 20001893 20001898 20001899 20000368 20001924 20001879 20001909 20001895 20001926 20001886 20001894 20001900 20001904 20001916 20001878 20001889 20001890 20001892 20001896 20001911 20001888 20001907 20001881 20000115 20001912 20001923 20001887 20001883 20001882 20001884 20000166 20001903 20001905 20001920 20001902 20001918]
[20001902 20001918 20001887 20001883 20001882 20001884 20000166 20001903 20001905 20001920 20001881 20000115 20001912 20001923 20001888 20001907 20001878 20001889 20001890 20001892 20001896 20001911 20001886 20001894 20001900 20001904 20001916 20001895 20001926 20001879 20001909 20001880 20001893 20001898 20001899 20000368 20001924 20001901 20001897 20001910 20001917 20000223 20001885 20001906 20001913 20001921 20001925 20001922 20001914]
[20000368 20001924 20001922 20001902 20001904 20001917 20001920 20000223 20001926 20001899 20001910 20001888 20001909 20001918 20001881 20001883 20001890 20001894 20001903 20001916 20001921 20001912 20001884 20001892 20001896 20001901 20001905 20001923 20001878 20000115 20001879 20001880 20001893 20001897 20001885 20001898 20001913 20001886 20001895 20001906 20001914 20001925 20001889 20001882 20001900 20001911 20001887 20000166 20001907]
[20001887 20000166 20001907 20001889 20001882 20001900 20001911 20001886 20001895 20001906 20001914 20001925 20001885 20001898 20001913 20001879 20001880 20001893 20001897 20001878 20000115 20001884 20001892 20001896 20001901 20001905 20001923 20001912 20001890 20001894 20001903 20001916 20001921 20001881 20001883 20001888 20001909 20001918 20001899 20001910 20001902 20001904 20001917 20001920 20000223 20001926 20001922 20001924 20000368]
[20001922 20001899 20001909 20000368 20001913 20001924 20001912 20001914 20001917 20001921 20001910 20001925 20001890 20001881 20001888 20000223 20001902 20001879 20001901 20000115 20001911 20001920 20001926 20001896 20001904 20001883 20001885 20001906 20001916 20001878 20001884 20001894 20001897 20001918 20001893 20001905 20001880 20001898 20001892 20001895 20001903 20001889 20001900 20001886 20001923 20001907 20001887 20001882 20000166]
[20000166 20001882 20001887 20001907 20001886 20001923 20001889 20001900 20001892 20001895 20001903 20001880 20001898 20001893 20001905 20001878 20001884 20001894 20001897 20001918 20001885 20001906 20001916 20001883 20001896 20001904 20001879 20001901 20000115 20001911 20001920 20001926 20001902 20001881 20001888 20000223 20001890 20001910 20001925 20001912 20001914 20001917 20001921 20001913 20001924 20001899 20001909 20000368 20001922]
[20000166 20001882 20001887 20001907 20001886]
[20001922 20001899 20001909 20000368 20001913]

Process finished with exit code 0
