Matrix 1:[ 9.0 10.0 10.0 8.0 9.0 5.0 7.0 9.0 8.0 9.0 ]
[ 6.0 6.0 10.0 8.0 6.0 5.0 8.0 10.0 5.0 8.0 ]
[ 9.0 6.0 6.0 6.0 6.0 7.0 5.0 8.0 7.0 7.0 ]
[ 5.0 6.0 10.0 7.0 5.0 5.0 8.0 5.0 9.0 9.0 ]
[ 7.0 8.0 6.0 8.0 8.0 9.0 7.0 10.0 9.0 5.0 ]
[ 10.0 10.0 10.0 5.0 9.0 8.0 10.0 7.0 8.0 5.0 ]
[ 10.0 9.0 9.0 10.0 9.0 5.0 5.0 5.0 10.0 9.0 ]
[ 8.0 10.0 7.0 5.0 9.0 7.0 6.0 7.0 8.0 7.0 ]
[ 7.0 6.0 10.0 10.0 7.0 7.0 9.0 7.0 10.0 10.0 ]
[ 10.0 6.0 6.0 8.0 8.0 10.0 9.0 7.0 9.0 7.0 ]
Transpose of Matrix 1: 
[ 9.0 6.0 9.0 5.0 7.0 10.0 10.0 8.0 7.0 10.0 ]
[ 10.0 6.0 6.0 6.0 8.0 10.0 9.0 10.0 6.0 6.0 ]
[ 10.0 10.0 6.0 10.0 6.0 10.0 9.0 7.0 10.0 6.0 ]
[ 8.0 8.0 6.0 7.0 8.0 5.0 10.0 5.0 10.0 8.0 ]
[ 9.0 6.0 6.0 5.0 8.0 9.0 9.0 9.0 7.0 8.0 ]
[ 5.0 5.0 7.0 5.0 9.0 8.0 5.0 7.0 7.0 10.0 ]
[ 7.0 8.0 5.0 8.0 7.0 10.0 5.0 6.0 9.0 9.0 ]
[ 9.0 10.0 8.0 5.0 10.0 7.0 5.0 7.0 7.0 7.0 ]
[ 8.0 5.0 7.0 9.0 9.0 8.0 10.0 8.0 10.0 9.0 ]
[ 9.0 8.0 7.0 9.0 5.0 5.0 9.0 7.0 10.0 7.0 ]
Matrix 2: 
[ 5.0 10.0 8.0 10.0 5.0 5.0 8.0 5.0 5.0 6.0 ]
[ 9.0 10.0 8.0 10.0 6.0 8.0 5.0 9.0 5.0 7.0 ]
[ 6.0 6.0 5.0 10.0 6.0 10.0 8.0 8.0 8.0 6.0 ]
[ 10.0 8.0 10.0 10.0 6.0 6.0 6.0 5.0 6.0 8.0 ]
[ 10.0 7.0 6.0 6.0 7.0 5.0 10.0 8.0 9.0 5.0 ]
[ 7.0 9.0 10.0 5.0 8.0 6.0 5.0 5.0 7.0 10.0 ]
[ 6.0 7.0 5.0 6.0 8.0 8.0 8.0 7.0 10.0 6.0 ]
[ 5.0 7.0 9.0 6.0 9.0 6.0 6.0 7.0 7.0 10.0 ]
[ 10.0 10.0 5.0 9.0 6.0 9.0 10.0 8.0 5.0 8.0 ]
[ 9.0 10.0 9.0 8.0 9.0 10.0 10.0 5.0 6.0 7.0 ]
Transpose of Matrix 2: 
[ 5.0 9.0 6.0 10.0 10.0 7.0 6.0 5.0 10.0 9.0 ]
[ 10.0 10.0 6.0 8.0 7.0 9.0 7.0 7.0 10.0 10.0 ]
[ 8.0 8.0 5.0 10.0 6.0 10.0 5.0 9.0 5.0 9.0 ]
[ 10.0 10.0 10.0 10.0 6.0 5.0 6.0 6.0 9.0 8.0 ]
[ 5.0 6.0 6.0 6.0 7.0 8.0 8.0 9.0 6.0 9.0 ]
[ 5.0 8.0 10.0 6.0 5.0 6.0 8.0 6.0 9.0 10.0 ]
[ 8.0 5.0 8.0 6.0 10.0 5.0 8.0 6.0 10.0 10.0 ]
[ 5.0 9.0 8.0 5.0 8.0 5.0 7.0 7.0 8.0 5.0 ]
[ 5.0 5.0 8.0 6.0 9.0 7.0 10.0 7.0 5.0 6.0 ]
[ 6.0 7.0 6.0 8.0 5.0 10.0 6.0 10.0 8.0 7.0 ]
Sum of two matrices: 
[ 14.0 20.0 18.0 18.0 14.0 10.0 15.0 14.0 13.0 15.0 ]
[ 15.0 16.0 18.0 18.0 12.0 13.0 13.0 19.0 10.0 15.0 ]
[ 15.0 12.0 11.0 16.0 12.0 17.0 13.0 16.0 15.0 13.0 ]
[ 15.0 14.0 20.0 17.0 11.0 11.0 14.0 10.0 15.0 17.0 ]
[ 17.0 15.0 12.0 14.0 15.0 14.0 17.0 18.0 18.0 10.0 ]
[ 17.0 19.0 20.0 10.0 17.0 14.0 15.0 12.0 15.0 15.0 ]
[ 16.0 16.0 14.0 16.0 17.0 13.0 13.0 12.0 20.0 15.0 ]
[ 13.0 17.0 16.0 11.0 18.0 13.0 12.0 14.0 15.0 17.0 ]
[ 17.0 16.0 15.0 19.0 13.0 16.0 19.0 15.0 15.0 18.0 ]
[ 19.0 16.0 15.0 16.0 17.0 20.0 19.0 12.0 15.0 14.0 ]
Difference of two matrices: 
[ 4.0 0.0 2.0 -2.0 4.0 0.0 -1.0 4.0 3.0 3.0 ]
[ -3.0 -4.0 2.0 -2.0 0.0 -3.0 3.0 1.0 0.0 1.0 ]
[ 3.0 0.0 1.0 -4.0 0.0 -3.0 -3.0 0.0 -1.0 1.0 ]
[ -5.0 -2.0 0.0 -3.0 -1.0 -1.0 2.0 0.0 3.0 1.0 ]
[ -3.0 1.0 0.0 2.0 1.0 4.0 -3.0 2.0 0.0 0.0 ]
[ 3.0 1.0 0.0 0.0 1.0 2.0 5.0 2.0 1.0 -5.0 ]
[ 4.0 2.0 4.0 4.0 1.0 -3.0 -3.0 -2.0 0.0 3.0 ]
[ 3.0 3.0 -2.0 -1.0 0.0 1.0 0.0 0.0 1.0 -3.0 ]
[ -3.0 -4.0 5.0 1.0 1.0 -2.0 -1.0 -1.0 5.0 2.0 ]
[ 1.0 -4.0 -3.0 0.0 -1.0 0.0 -1.0 2.0 3.0 0.0 ]
Product of two matrices: 
[ 648.0 704.0 623.0 689.0 582.0 620.0 645.0 573.0 566.0 602.0 ]
[ 539.0 587.0 539.0 578.0 512.0 535.0 545.0 483.0 500.0 526.0 ]
[ 507.0 570.0 511.0 538.0 468.0 482.0 509.0 442.0 445.0 495.0 ]
[ 538.0 577.0 499.0 566.0 482.0 535.0 541.0 467.0 471.0 496.0 ]
[ 593.0 646.0 583.0 606.0 540.0 548.0 573.0 520.0 521.0 577.0 ]
[ 616.0 684.0 592.0 658.0 563.0 597.0 622.0 565.0 566.0 584.0 ]
[ 646.0 692.0 602.0 681.0 547.0 597.0 632.0 545.0 532.0 575.0 ]
[ 575.0 629.0 549.0 595.0 513.0 539.0 565.0 508.0 497.0 534.0 ]
[ 647.0 694.0 614.0 673.0 581.0 624.0 645.0 552.0 566.0 603.0 ]
[ 612.0 678.0 602.0 631.0 558.0 571.0 610.0 525.0 544.0 587.0 ]
Row echelon form: 
[ 10.0 10.0 10.0 5.0 9.0 8.0 10.0 7.0 8.0 5.0 ]
[ 0.0 -4.0 -4.0 3.0 -1.0 2.0 -1.0 0.0 1.0 2.0 ]
[ 0.0 0.0 4.0 5.25 0.25 1.5 2.75 1.5 5.25 7.0 ]
[ 0.0 0.0 0.0 7.875 1.5750000000000002 4.65 1.125 5.8500000000000005 6.275 5.5 ]
[ 0.0 0.0 0.0 0.0 -1.1999999999999997 -1.2571428571428573 -3.142857142857143 2.257142857142857 -0.3523809523809526 1.5238095238095237 ]
[ 0.0 0.0 0.0 0.0 0.0 -5.3809523809523805 -3.7857142857142847 -6.2857142857142865 -1.46031746031746 -0.23015873015873012 ]
[ 0.0 0.0 0.0 0.0 -1.1102230246251565E-16 0.0 -1.0707964601769924 3.1371681415929222 -1.2610619469026547 -0.5221238938053093 ]
[ 0.0 0.0 0.0 0.0 -4.985298981099171E-17 0.0 -5.551115123125783E-17 5.2479338842975185 -1.7584940312213027 1.7144168962350796 ]
[ 0.0 0.0 0.0 0.0 6.147022232143739E-17 -2.220446049250313E-16 5.4483976385640065E-17 0.0 -2.0428696412948386 -2.6129046369203857 ]
[ 0.0 0.0 0.0 0.0 1.0844763107992657E-16 -1.3722071302219265E-16 -5.979038344608918E-19 0.0 0.0 4.982633832976447 ]
Reduced row echelon form: 
[ 10.0 10.0 10.0 5.0 9.0 8.0 10.0 7.0 8.0 5.0 ]
[ 0.7142857142857143 1.0 1.0 0.14285714285714285 0.7142857142857143 0.42857142857142855 0.7857142857142857 0.5 0.5 0.21428571428571427 ]
[ 1.530612244897959 1.5714285714285714 1.0 -0.015306122448979593 1.3520408163265305 0.9897959183673469 1.1479591836734695 0.8571428571428571 0.4642857142857143 -0.25510204081632654 ]
[ -0.9485009212758818 -0.9560072535283164 -0.9576407558837685 1.0 -0.5614765694505889 0.11279139299830335 -0.7413912967383429 0.4280048421676965 0.4128745266003218 0.5538448075530037 ]
[ 1.0132799017468295 1.035322162700395 0.970765402565605 0.3362929984933521 1.0 0.8397709098439294 1.2274626329776752 0.44493987813490254 0.6948136920531126 0.20691661404789982 ]
[ 0.7733023163822856 0.7865148176470258 0.7411347083368085 0.32507618677403904 0.704188684576198 1.0 1.0397884613152273 0.978631677091977 0.6707678702968317 0.3151549111631563 ]
[ 0.9334658471432322 0.9531459570821117 0.9047552565503125 0.31617056686043665 0.8355874887570325 0.7098817737072165 1.0 0.40177633960588865 0.7080965140857061 0.3449516263797484 ]
[ 4.607164466295547 4.7032189092432475 4.43038120178638 2.143643867944744 4.232686326576693 3.9065049647635735 4.69101406296486 1.0 4.414115692246529 1.146523907989951 ]
[ 1.029970937770401 1.0506666257281223 0.9979994956756437 0.4872113861022282 0.9465971032519733 0.8707779940427448 1.052918455157832 0.4029970807296263 1.0 0.41638888939457036 ]
[ -33.94999140635212 -34.52274359869314 -33.7812043001401 -19.090416142720695 -31.536168776690793 -30.00322143402746 -35.484085113332505 -17.345614481630346 -32.5897056728172 1.0 ]
